3.437499681343333946e-01,4.343806399370460647e-01,2.218693919286206795e-01
3.642138369573170720e-01,4.266960623439917666e-01,2.090901006986911059e-01
7.837551338495667430e-01,1.797924270376818345e-01,3.645243911275126980e-02
9.441413257302844197e-01,4.773587331565340430e-02,8.122800954062044110e-03
4.710548460383468528e-01,3.825494783554543310e-01,1.463956756061988718e-01
5.488614552213353370e-01,3.417313559951260515e-01,1.094071887835387641e-01
8.772518922043448519e-01,1.039682916243326594e-01,1.877981617132249564e-02
9.570008747049288944e-01,3.679180575389078695e-02,6.207319541180270073e-03
4.981649515354752977e-01,3.694863489281524083e-01,1.323486995363726548e-01
7.388218701208598693e-01,2.145799028521442331e-01,4.659822702699579350e-02
7.604442845432276554e-01,1.980105917432488649e-01,4.154512371352368783e-02
7.562334163706652124e-01,2.067462264294414875e-01,3.702035719989354295e-02
2.621633595786153001e-02,4.256017403212369321e-01,5.481819237209014650e-01
2.402665715925450182e-02,5.705626899409047686e-02,9.189170738466554411e-01
2.334338783335798695e-01,3.320901038862338894e-01,4.344760177801861856e-01
9.832114798481609760e-07,8.723174270461184052e-07,9.999981444710931422e-01
9.642843460110753218e-03,2.674753036568312814e-02,9.636096261742058688e-01
1.593109912623544566e-01,2.437179189530717383e-01,5.969710897845738051e-01
8.957485619264855163e-08,8.081500858355675996e-08,9.999998296101352269e-01
4.777711821583994871e-03,8.702647064104676589e-02,9.081958175373692210e-01
7.685460517383230737e-03,9.910478843072739741e-01,1.266655175342707579e-03
5.713087023348979443e-01,3.297143194853586201e-01,9.897697817974308865e-02
3.152724719305279311e-01,5.461646703682564441e-01,1.385628577012154583e-01
6.005531232334881953e-02,9.240535493296709868e-01,1.589113834698016592e-02
1.505646009586538055e-02,9.819214904668914778e-01,3.022049437242997193e-03
7.563961153672928150e-02,9.026536806455632833e-01,2.170670781770742824e-02
4.805565695488541594e-02,9.399457785619312888e-01,1.199856448318328134e-02
4.174313385006375721e-02,9.482155533542722115e-01,1.004131279566378675e-02
9.995091222660644759e-01,4.819341236162602918e-04,8.943610319420380829e-06
9.947010837755395629e-01,5.248127727541389113e-03,5.078849691902517674e-05
9.971562928886289479e-01,2.804048048205302988e-03,3.965906316586471095e-05
9.767598277808240415e-01,2.309390268988826753e-02,1.462695292878971260e-04
9.636526092620029127e-01,3.317847630110503515e-02,3.168914436892222158e-03
9.598711126474469557e-01,3.548627808170366771e-02,4.642609270849439897e-03
9.834339608285644907e-01,1.584994499010710517e-02,7.160941813284559584e-04
9.265716360112602468e-01,7.225354185522288308e-02,1.174822133516934767e-03
7.959482152742678026e-04,9.846542929418624635e-01,1.454975884286337576e-02
3.338694434165943338e-04,3.521492565966507365e-03,9.961446379906169213e-01
5.490631903018300917e-03,1.724483257960738453e-02,9.772645355173746884e-01
2.247659120018279006e-06,2.038722438575266169e-06,9.999957136184414175e-01
2.950309218122115218e-01,3.912256254461123350e-01,3.137434527416761987e-01
1.815896230834307748e-02,4.549237271119718068e-02,9.363486649804598771e-01
7.791897085699173338e-03,2.230920278462115297e-02,9.698989001296797197e-01
7.525434414390036290e-03,3.654166702554634966e-02,9.559328985600634709e-01
1.681880745757414987e-03,4.792316098535738811e-01,5.190865094006686942e-01
9.771474304293205071e-01,2.096651511146917918e-02,1.886054459210396994e-03
9.583663795360266580e-01,3.656481822918045826e-02,5.068802234792942757e-03
9.230224102114105156e-01,6.665264361856436393e-02,1.032494617002499039e-02
9.828813302947949637e-01,1.535061813894246160e-02,1.768051566262598961e-03
9.354304931191682604e-01,5.682222287849091058e-02,7.747284002340721482e-03
9.792880422850539501e-01,1.805884932446208749e-02,2.653108390484004448e-03
9.330964857131223145e-01,5.729170444703039072e-02,9.611809839847279199e-03
8.870190971642873956e-01,9.604764007361341061e-02,1.693326276209914868e-02
8.976666441314136158e-01,8.981064769213147059e-02,1.252270817645485118e-02
9.735194234306118188e-01,2.420020720593416344e-02,2.280369363453955273e-03
9.628399739517508049e-01,3.387844258786605611e-02,3.281583460382984582e-03
1.224208336772318745e-01,8.625305862464234252e-01,1.504858007634466040e-02
3.289106116759317744e-01,5.945500941265950967e-01,7.653929419747301788e-02
2.404174951739262989e-01,6.063657164699061131e-01,1.532167883561678934e-01
1.290628421179813509e-02,9.841865413370132210e-01,2.907174451188905898e-03
3.604750054002770886e-03,1.547463764090504026e-02,9.809206123050924209e-01
1.667859302115347678e-02,4.508683781424711184e-02,9.382345691645994634e-01
1.159597909591538243e-04,1.793124465977883773e-03,9.980909157430629675e-01
2.437884737039209963e-04,4.236105659010587846e-03,9.955201058672854542e-01
2.255197695414413728e-01,3.236070084978320827e-01,4.508732219607263780e-01
2.688189062333305041e-02,6.273845271857340922e-02,9.103796566580933947e-01
1.451525124415546930e-01,2.350625400660846243e-01,6.197849474923606827e-01
2.905883919408172589e-01,3.919239062645597516e-01,3.174877017946228785e-01
6.434688627094602154e-02,1.258943198472839142e-01,8.097587938817700781e-01
2.587752277030773342e-03,8.657608690788113140e-03,9.887546390321813039e-01
2.396708949749827894e-06,2.127740784859461996e-06,9.999954755502654669e-01
1.793908532428674721e-02,4.493827484339138478e-02,9.371226398323221352e-01
4.013878298884851341e-08,3.566258475225052908e-08,9.999999241986322618e-01
1.077939523557017621e-07,9.581650870123989496e-08,9.999997963895389530e-01
8.000131548900223917e-08,7.116919034927741854e-08,9.999998488294942200e-01
2.150822520482432877e-06,1.922802077272289596e-06,9.999959263754021332e-01
1.524822954623872257e-07,1.389521806997765111e-07,9.999997085655238926e-01
1.428134668863197967e-04,3.484810891059255972e-03,9.963723756420544975e-01
3.330547787727750321e-06,3.626734946710091721e-06,9.999930427172655234e-01
8.735054061846063769e-03,9.902459623686352685e-01,1.018983569518665299e-03
1.982090167460094643e-01,6.952420114162689568e-01,1.065489718377216066e-01
2.003274139087184713e-01,7.988670173003630248e-01,8.055687909184102964e-04
8.794100945493893429e-01,1.021744174117411447e-01,1.841548803886945002e-02
8.826549204511440205e-01,9.947613919984678310e-02,1.786894034900917208e-02
9.564974319044636797e-01,3.722045786998028072e-02,6.282110225556030055e-03
9.685516900623605263e-01,2.693707433629171505e-02,4.511235601347866192e-03
9.568980121087784507e-01,3.798729686576379772e-02,5.114691025457876461e-03
2.463895526173663295e-02,9.707168902481823070e-01,4.644154490081311634e-03
7.472225288434934665e-02,9.039780154236120024e-01,2.129973169203884520e-02
1.294572577142314058e-02,9.843180295931359680e-01,2.736244635441169824e-03
2.717728674211403184e-02,9.666072827793196209e-01,6.215430478566454781e-03
9.159456910486921816e-03,9.890293489592739684e-01,1.811194130239004172e-03
2.691696097714153454e-02,9.668762680198722537e-01,6.206771002986080817e-03
7.581110715137645562e-02,9.015849738738244135e-01,2.260391897479938420e-02
9.181639924496706739e-03,9.890411935668174115e-01,1.777166508685949645e-03
1.466141761595406157e-02,9.823094647598599183e-01,3.029117624186059617e-03
2.263183489161788298e-01,6.561727719249870194e-01,1.175088791588342479e-01
7.663732492714286915e-02,9.012559488131748342e-01,2.210672625968229665e-02
1.538714571993519686e-01,7.845688277149998058e-01,6.155971508564820477e-02
1.688706817831037849e-02,9.796700251853361907e-01,3.442906636353347538e-03
1.998960388201874161e-01,7.054764921490663809e-01,9.462746903074602256e-02
2.598493027743939421e-01,5.898979127521616350e-01,1.502527844734443674e-01
2.972790550127267228e-01,5.048279749308415276e-01,1.978929700564320826e-01
3.032278256153173035e-01,4.221726721202118116e-01,2.745995022644709405e-01
2.907275087844604297e-02,6.711920319049416439e-02,9.038080459310599002e-01
2.259140232102816448e-01,3.528727391424973381e-01,4.212132376472209616e-01
1.482296459717142439e-02,1.186894918227502337e-02,9.733080862205534256e-01
2.041284807603382153e-03,1.174553845435396876e-03,9.967841613469611284e-01
1.243363109241970611e-02,9.852530434487243305e-01,2.313325458855892709e-03
9.910079217127514342e-03,9.879287534757548173e-01,2.161167307117682276e-03
9.090925330434488499e-03,9.889327822946045732e-01,1.976292374961123935e-03
9.337306150146326006e-03,9.886483102957936975e-01,2.014383554060056748e-03
8.440242066608762486e-03,9.896420580863606320e-01,1.917699847030639778e-03
1.648145142915020955e-02,9.801777423720837712e-01,3.340806198766155862e-03
9.917999824924195185e-03,9.879328268173843686e-01,2.149173357691518214e-03
6.093383937193664647e-03,9.926455661495696692e-01,1.261049913236678317e-03
2.005142487458112799e-02,9.753506139593185464e-01,4.597961166100262252e-03
1.406252072414118093e-01,8.059558498061796250e-01,5.341894295240832286e-02
1.981909327486399905e-02,9.760469023433183677e-01,4.134004381817778934e-03
2.668494428144662090e-01,5.758413389522302195e-01,1.573092182333037381e-01
2.241561852813027042e-02,9.728207064742033783e-01,4.763674997666654011e-03
3.008206349229388676e-01,5.060817965013273412e-01,1.930975685757336524e-01
9.221056134512868319e-01,7.429350789131587696e-02,3.600878657397087786e-03
7.331438148822685963e-02,9.161109852800095599e-01,1.057463323176363081e-02
2.135494814948256381e-02,9.769832625737550069e-01,1.661789276762631580e-03
4.491338257385206478e-02,9.476375006369019971e-01,7.449116789245838373e-03
5.311640395724293029e-02,9.453219506782544190e-01,1.561645364502677567e-03
1.936699763141493807e-02,9.777902032304430779e-01,2.842799138141961866e-03
1.362031850233325625e-01,8.156639836416025302e-01,4.813283133506469219e-02
2.789828315972414305e-02,1.582796564792839089e-01,8.138220603609921389e-01
4.666308296545026029e-07,4.575782656361745288e-07,9.999990757909047456e-01
4.811532229543576120e-06,4.521863675761142440e-06,9.999906666040946357e-01
3.615799253779141634e-03,1.462658083277066506e-02,9.817576199134502302e-01
9.475532253009840561e-03,3.132230507860751106e-02,9.592021626683827629e-01
4.120737884896542750e-07,3.801166727274572429e-07,9.999992078095387704e-01
2.583816072077405393e-02,5.824718991697663134e-02,9.159146493622495333e-01
3.674251976775687769e-06,3.345330172087225912e-06,9.999929804178510073e-01
4.447580114169133272e-07,4.167413516692125036e-07,9.999991385006368194e-01
2.550298353260673351e-06,2.384321261165296495e-06,9.999950653803856282e-01
2.724515608090783506e-06,2.501420391948400613e-06,9.999947740639999472e-01
8.024210121746452645e-05,2.340980422293556778e-03,9.975787774764887095e-01
1.842367137463462867e-01,7.285259752633213015e-01,8.723731099033243952e-02
1.701723329362948012e-01,7.557496080079978418e-01,7.407805905570771787e-02
6.511439230471072204e-02,9.158911368564407463e-01,1.899447083884860457e-02
6.512329434245496540e-02,9.170892683344317176e-01,1.778743732311327194e-02
2.702720284496333281e-01,5.687702564448335885e-01,1.609577151055333333e-01
8.103744746794887266e-02,8.951051921623969232e-01,2.385736036965429088e-02
3.068177258430059284e-01,4.917628397460087619e-01,2.014194344109852541e-01
3.784739896343997795e-02,9.532588683582726707e-01,8.893732678287165697e-03
6.171684819512155556e-02,9.216352432045212817e-01,1.664790860035721826e-02
1.438181049464476620e-02,9.828272173355333541e-01,2.790972169822025003e-03
3.561081587394011594e-01,4.342683660684851232e-01,2.096234751921137729e-01
2.510926554044120018e-01,6.315335866444268254e-01,1.173737579511614226e-01
1.172820453052508642e-02,9.860643349899949062e-01,2.207460479479986595e-03
3.673163857106089003e-02,9.561481617675142708e-01,7.120199661424733359e-03
3.851641445567424021e-02,9.534796353386775225e-01,8.003950205648455857e-03
6.005564455288692899e-02,9.265881873007241198e-01,1.335616814638880025e-02
1.023063292770614863e-01,8.728221364372451552e-01,2.487153428569352162e-02
1.180806633959026047e-01,8.452689072856355290e-01,3.665042931846180380e-02
8.473027380885682358e-02,8.986251949012541429e-01,1.664453128988902311e-02
3.493643095798551479e-02,9.570282619372436628e-01,8.035307104770836317e-03
2.765673000757074701e-02,9.671035567223952301e-01,5.239713270034126145e-03
8.905709653502462408e-02,9.033302341527357227e-01,7.612669312239416473e-03
4.829070529793259570e-01,5.139609690069922854e-01,3.131978013681449742e-03
9.889786778647390308e-01,1.084988004785711682e-02,1.714420874039328626e-04
1.453410846365564384e-02,9.831451244550323265e-01,2.320767081312007096e-03
8.800598494805886296e-02,4.766927841745111638e-01,4.353012308774297234e-01
3.017612034128983160e-06,2.753995344231299143e-06,9.999942283926216424e-01
3.783350187994628431e-04,3.849591244660120586e-03,9.957720737365403085e-01
1.326154746521869980e-06,1.197620512348664229e-06,9.999974762247411109e-01
5.267630550474726673e-08,4.847707919288530376e-08,9.999998988466152205e-01
6.889408945741019863e-03,2.132476522314343328e-02,9.717858258311155017e-01
2.492899973117123266e-07,2.261816697856698807e-07,9.999995245283328504e-01
1.339206580836211635e-01,2.224858972713512073e-01,6.435934446450277679e-01
6.977792542308967204e-08,6.267253414607959172e-08,9.999998675495405109e-01
1.260863671926370531e-08,1.139974731973170697e-08,9.999999759916159414e-01
5.576896820645330290e-07,5.251218889668347986e-07,9.999989171884289263e-01
5.308472934196141295e-03,2.143329609575630318e-02,9.732582309700477108e-01
2.560693185204026417e-02,1.087306693204935087e-01,8.656623988274663173e-01
1.840530112172480137e-01,3.225882641277688645e-01,4.933587246549828720e-01
2.088113631449846908e-01,3.707123455772564635e-01,4.204762912777586514e-01
4.463338678532716153e-02,9.481882941818632338e-01,7.178319032809429498e-03
4.874698373005641877e-02,9.457089973927228499e-01,5.544018877220516228e-03
3.553534845307088075e-02,9.611922035287339128e-01,3.272448018195298850e-03
2.137430191426098122e-02,9.768953507990489893e-01,1.730347286689766680e-03
9.637065052871943704e-01,3.476928233690387837e-02,1.524212375901783274e-03
9.465225818400624380e-01,4.598870412578132810e-02,7.488714034156065610e-03
9.855183480696771969e-01,1.263521557515724300e-02,1.846436355165560718e-03
6.751312075513099531e-01,2.951859729528780174e-01,2.968281949581228971e-02
2.965519369237441805e-02,9.684117637419852320e-01,1.933042565640528173e-03
3.548841042345432777e-04,7.934116786344917738e-03,9.917109991094203991e-01
4.645848556260904819e-08,4.205398110922999842e-08,9.999999114875333106e-01
6.741916166928226744e-08,5.987000423717986017e-08,9.999998727108341257e-01
4.203601109800063525e-03,1.329213685554883097e-02,9.825042620346511324e-01
1.159429406142979415e-07,1.027983942201057249e-07,9.999997812586651769e-01
4.972087866745301786e-06,4.419318457118587700e-06,9.999906085936760558e-01
4.694357124414188317e-06,4.170704765401641812e-06,9.999911349381102044e-01
1.660389555641632891e-06,1.473929883930159136e-06,9.999968656805603429e-01
5.397609752232318363e-03,1.635939357994880064e-02,9.782429966678189981e-01
2.201404076344290472e-01,3.181542584204424817e-01,4.617053339451283045e-01
9.274360558640273216e-08,8.226999354505057003e-08,9.999998249864008315e-01
1.553846222552047173e-07,1.379275170299354786e-07,9.999997066878606455e-01
5.939330666288177020e-07,5.268097627318036710e-07,9.999988792571705698e-01
1.048489950973312554e-07,9.298951994996525432e-08,9.999998021614849852e-01
1.421433790877537807e-07,1.261776477918346390e-07,9.999997316789730473e-01
1.171349571563107764e-06,1.041656947493743460e-06,9.999977869934809638e-01
1.061395589127242701e-04,1.519205528632280346e-03,9.983746549124549174e-01
5.428901214525388638e-04,5.084810630304560652e-03,9.943722992482429968e-01
5.993703379831477433e-03,1.799425400504357786e-02,9.760120426151248640e-01
4.530287147505553808e-02,9.603094223481731251e-02,8.586661862901274755e-01
3.369583344939623636e-07,2.998149190103656044e-07,9.999993632267465404e-01
2.621166020649863624e-04,2.431575928221461989e-03,9.973063074697137154e-01
9.857959335433709447e-02,1.607480692862721938e-01,7.406723373593909754e-01
2.445352691707141923e-01,4.908283081692799699e-01,2.646364226600055880e-01
7.466640627561676548e-07,8.624182775035754992e-07,9.999983909176597408e-01
9.738427198406498717e-03,9.815152166091084540e-01,8.746356192484771447e-03
6.893044945828935658e-07,9.993125197648813351e-01,6.867909306240942277e-04
9.748167453322373888e-01,2.292259034671355680e-02,2.260664321049083922e-03
9.116881238711446178e-01,8.280589942639403345e-02,5.505976702461185673e-03
9.907303981300127349e-01,8.472662213446153709e-03,7.969396565412314093e-04
9.885173857757981741e-01,1.004996459731555790e-02,1.432649626886089511e-03
9.790327509827480013e-01,1.863954153666734850e-02,2.327707480584741313e-03
9.785367954730478379e-01,1.902996771475134324e-02,2.433236812200811894e-03
8.739729304641811192e-01,1.078220255181596421e-01,1.820504401765922833e-02
8.066926183327176592e-01,1.604024479418322269e-01,3.290493372545010009e-02
9.166963738724266397e-01,7.142904173117449462e-02,1.187458439639892289e-02
9.099170857105386423e-01,7.666966628247300075e-02,1.341324800698838991e-02
9.034478965780576853e-01,8.210227609747945687e-02,1.444982732446281094e-02
9.620955951648668680e-01,3.244948170185030234e-02,5.454923133282990957e-03
9.106498329990083684e-01,7.605275201233549498e-02,1.329741498865620423e-02
9.238983085821651509e-01,6.489341465728437619e-02,1.120827676055031856e-02
9.832241416035711890e-01,1.438881954439860493e-02,2.387038852030395637e-03
9.858021118634563429e-01,1.218080896189530429e-02,2.017079174648277792e-03
9.297418125915487552e-01,5.995726130960192524e-02,1.030092609884938198e-02
9.677962762076705028e-01,2.758242287123892356e-02,4.621300921090560655e-03
9.685358643012317303e-01,2.695079783384630653e-02,4.513337864922049858e-03
8.308405551040324299e-01,1.420988580855364614e-01,2.706058681043124400e-02
4.651783793642425588e-05,9.965478778083421973e-01,3.405604353721307462e-03
9.878741122616573334e-01,1.201703264890257791e-02,1.088550894402501556e-04
9.882007926718560098e-01,1.167426790156829951e-02,1.249394265758092804e-04
9.682740106999220275e-01,3.129012744425327397e-02,4.358618558245853599e-04
8.782236230460945814e-01,1.174963166241788232e-01,4.280060329726646622e-03
9.973411453466999310e-01,2.590647412439542763e-03,6.820724086059823670e-05
9.862185772985837540e-01,1.333235689949938477e-02,4.490658019168497213e-04
9.856377939642152475e-01,1.380073363314304746e-02,5.614724026414548257e-04
9.841345295002068561e-01,1.489868884637035422e-02,9.667816534225715831e-04
8.565116607583229680e-01,1.434241098265941206e-01,6.422941508245860970e-05
9.896562934965879021e-01,9.994265827690768794e-03,3.494406757212435688e-04
9.877123149509902111e-01,1.195930201954301109e-02,3.283830294667061103e-04
9.646094526682430503e-01,3.172814225242003711e-02,3.662405079336975445e-03
9.889438746919189116e-01,1.090884920875781657e-02,1.472760993231154644e-04
8.321165635728965393e-01,1.591702474912745913e-01,8.713188935828824339e-03
5.557433076161796270e-01,3.965783943702853032e-01,4.767829801353495184e-02
1.078462886492979611e-01,1.644009051632498442e-01,7.277528061874521947e-01
3.362195893252162976e-02,7.458565085633422909e-02,8.917923902111443146e-01
3.942144817315130362e-03,1.247299484244986795e-02,9.835848603402348456e-01
3.704742755175525429e-03,1.178685065227324039e-02,9.845084065925512329e-01
5.314610886167382003e-02,1.142429884698266535e-01,8.326109026684993530e-01
2.739385016512503167e-03,9.106860971773008892e-03,9.881537540117144580e-01
1.847844597578543840e-06,1.642349737806041461e-06,9.999965098056646795e-01
1.044683804718332263e-07,9.261340484220976293e-08,9.999998029182146642e-01
2.339992105143642756e-04,2.736139502878348617e-03,9.970298612866073107e-01
1.941426542333006865e-06,1.741497374194247287e-06,9.999963170760833853e-01
6.059543964540483930e-08,5.602303925570780585e-08,9.999998833815210153e-01
2.451620015485574151e-08,2.221924071434081136e-08,9.999999532645591493e-01
1.820142418668283374e-08,1.633037910162150699e-08,9.999999654681966943e-01
4.586256790462467883e-08,4.320023605145975178e-08,9.999999109371959793e-01
6.148075241165710589e-08,6.117150119614922270e-08,9.999998773477464242e-01
5.825051570356244464e-08,5.493541689612637022e-08,9.999998868140673736e-01
2.531688655668953573e-08,2.429001391052355115e-08,9.999999503930995237e-01
3.641260644126437847e-03,2.510940932195761949e-02,9.712493300339158919e-01
2.187357568204975622e-02,9.750047827847471149e-01,3.121641533202796238e-03
7.500312871389288594e-01,2.233214970407873534e-01,2.664721582028355823e-02
9.351826348843897962e-01,6.451081648473029617e-02,3.065486308799400517e-04
2.859874168125479121e-01,7.118318141851289749e-01,2.180769002323195392e-03
6.994484891167742635e-01,3.001032700523668661e-01,4.482408308587073329e-04
9.664440588018713418e-01,3.349769445705962079e-02,5.824674106907128611e-05
9.972430653265748068e-01,2.685635913311554442e-03,7.129876011364985936e-05
9.793992781006086723e-01,1.932741793382471152e-02,1.273303965566615530e-03
9.910340156817730728e-01,8.799055744185295055e-03,1.669285740414654291e-04
9.679085050861642170e-01,3.158053374793300117e-02,5.109611659027208036e-04
9.656278869523756692e-01,3.078071110620317352e-02,3.591401941421128695e-03
3.753188123767262074e-01,4.201232600764079339e-01,2.045579275468659142e-01
3.607745033453815808e-02,9.633154223822711915e-01,6.071272831906676963e-04
8.366102190449041520e-02,9.134576647088685775e-01,2.881313386640785290e-03
6.101876809800813595e-01,3.451782270386768992e-01,4.463409198124182464e-02
